#BEGIN SHAPES_CONTENT

#BEGIN PENTAGON_VERTICES
0.000000 1.000000 0.000000 
-0.951045 0.309052 0.000000 
-0.587845 -0.808973 0.000000 
0.587695 -0.809082 0.000000 
0.951102 0.308876 0.000000 
#END PENTAGON_VERTICES

#BEGIN STAR_VERTICES
0.000000 1.000000 0.000000 
-0.293885 0.404514 0.000000 
-0.951045 0.309052 0.000000 
-0.475537 -0.154482 0.000000 
-0.587845 -0.808973 0.000000 
-0.000046 -0.500000 0.000000 
0.587695 -0.809082 0.000000 
0.475508 -0.154570 0.000000 
0.951102 0.308876 0.000000 
0.293960 0.404459 0.000000 
#END STAR_VERTICES

#BEGIN ANIMATED_STAR_VERTICES
0.000000 1.000000 0.000000 
-0.475522 0.654526 0.000000 
-0.951045 0.309052 0.000000 
-0.769445 -0.249961 0.000000 
-0.587845 -0.808973 0.000000 
-0.000075 -0.809027 0.000000 
0.587695 -0.809082 0.000000 
0.769399 -0.250103 0.000000 
0.951102 0.308876 0.000000 
0.475551 0.654438 0.000000 
#END ANIMATED_STAR_VERTICES

#END SHAPES_CONTENT
